1 1 100
3 0 100 2 100 15 100
2 1 100 3 100
3 2 100 4 100 17 100
2 3 100 5 100
3 4 100 6 100 19 100
2 5 100 7 100
3 6 100 8 100 21 100
2 7 100 9 100
3 8 100 10 100 23 100
2 9 100 11 100
3 10 100 12 100 25 100
2 11 100 13 100
2 12 100 27 100
2 0 100 15 100
2 16 100 29 100
2 2 100 17 100
2 18 100 31 100
2 4 100 19 100
2 20 100 33 100
2 6 100 21 100
1 22 100
2 8 100 23 100
2 24 100 37 100
2 10 100 25 100
2 26 100 39 100
2 12 100 27 100
2 13 100 41 100
1 14 100
2 28 100 43 100
2 16 100 29 100
2 30 100 45 100
2 18 100 31 100
2 32 100 47 100
2 20 100 33 100
1 34 100
2 22 100 35 100
2 36 100 51 100
2 24 100 37 100
2 38 100 53 100
2 26 100 39 100
3 27 100 40 100 55 100
2 28 100 43 100
2 44 100 57 100
2 30 100 45 100
2 46 100 59 100
2 32 100 47 100
2 48 100 61 100
2 34 100 49 100
1 63 100
1 36 100
2 52 100 65 100
2 38 100 53 100
2 54 100 67 100
2 40 100 55 100
2 41 100 69 100
1 42 100
2 56 100 71 100
2 44 100 57 100
2 58 100 73 100
2 46 100 59 100
2 60 100 75 100
2 48 100 61 100
2 62 100 77 100
2 50 100 63 100
2 64 100 79 100
2 52 100 65 100
2 66 100 81 100
2 54 100 67 100
3 55 100 68 100 83 100
2 56 100 71 100
2 72 100 85 100
2 58 100 73 100
2 74 100 87 100
2 60 100 75 100
2 76 100 89 100
2 62 100 77 100
2 78 100 91 100
2 64 100 79 100
2 80 100 93 100
2 66 100 81 100
4 66 141 82 100 95 100 96 141
2 68 100 83 100
2 69 100 97 100
1 70 100
2 84 100 99 100
2 72 100 85 100
2 86 100 101 100
2 74 100 87 100
2 88 100 103 100
2 76 100 89 100
2 90 100 105 100
2 78 100 91 100
2 92 100 107 100
2 80 100 93 100
2 94 100 109 100
5 81 141 82 100 95 100 97 100 111 141
1 111 100
2 84 100 99 100
2 98 100 100 100
3 99 100 86 100 101 100
2 100 100 102 100
3 101 100 88 100 103 100
2 102 100 104 100
3 103 100 90 100 105 100
2 104 100 106 100
3 105 100 92 100 107 100
2 106 100 108 100
3 107 100 94 100 109 100
2 108 100 110 100
3 109 100 96 100 111 100
2 96 141 110 100